02
02
02
02
02
02
02
02
02
02
02
02
02
02
02
02
02
02
02
02
02
02
02
02
02
02
02
02
02
02
02
02
02
02
02
02
02
02
02
0 1327.1436033902103
1 681.1770464753452
2 553.6471296336553
3 438.69106783932205
4 275.95330016253746
5 163.7058262759692
6 164.52528971841892
7 148.5053895401628
8 103.13701049595663
9 100.47058468648832
10 85.01766263622127
11 81.11396935867937
12 98.72395909975653
13 92.06987232051483
14 85.9686912902414
15 81.78491665565804
16 74.71009063720703
17 67.1536917098581
18 75.67960859324835
19 61.29324994021899
20 56.377022573392686
21 62.24514301509073
22 59.60671705742405
23 68.50503246098349
24 68.14971693901167
25 57.86974034244067
26 57.97563641691861
27 54.468784528235865
28 58.543100435439854
29 50.97666767851947
03
0 506.24760994544397
1 144.69306406607996
2 123.07343879112831
all
all
all
all
all
all
all
